1658596 6
1649451 12
1641476 18
1633620 24
1625995 29
1618383 35
1611246 41
1604167 46
1597154 52
1590372 58
1583645 63
1576921 69
1570312 75
1563723 81
1557355 86
1550988 92
1544773 97
1538563 102
1532421 108
1526313 114
1520263 119
1514365 125
1508515 131
1502707 136
1496945 142
1491199 148
1485487 153
1479841 159
1474235 164
1468633 170
1463107 176
1457583 182
1452066 187
1446677 193
1441305 198
1435976 204
1430669 210
1425390 216
1420122 221
1414896 227
1409701 233
1404523 238
1399382 244
1394260 250
1389141 255
1384063 261
1378994 267
1374055 273
1369187 278
1364321 284
1359464 290
1354627 296
1349850 301
1345073 307
1340306 313
1335568 319
1330918 325
1326295 331
1321674 336
1317060 342
1312483 347
1307936 353
1303397 359
1298940 364
1294499 370
1290084 375
1285707 381
1281332 387
1277007 392
1272694 398
1268391 403
1264123 409
1259862 415
1255626 421
1251392 426
1247188 432
1242989 437
1238792 443
1234612 449
1230435 454
1226270 460
1222116 465
1217973 471
1213835 477
1209708 482
1205604 488
1201507 494
1197416 499
1193330 505
1189252 510
1185199 516
1181158 522
1177119 527
1173099 533
1168954 539
1164966 544
1160991 550
1157020 555
1153061 561
1149151 567
1145286 572
1141306 578
1137467 584
1133672 589
1129137 595
1125343 600
1121554 606
1117816 611
1114098 617
1110386 622
1106674 628
1102997 634
1099350 639
1095283 645
1091702 650
1088133 656
1084569 662
1081007 667
1077456 673
1073932 678
1070434 684
1066950 690
1063479 695
1060015 701
1056589 707
1053168 712
1049755 718
1046345 723
1042946 729
1039567 735
1036192 740
1032826 746
1029468 752
1026154 757
1022848 763
1019555 768
1015111 774
1011836 780
1008561 785
1005314 791
1002126 797
998961 802
995800 808
992698 813
989611 819
986544 825
983483 830
980428 835
977410 841
974427 847
971343 852
968371 858
964913 863
961984 869
958237 875
955312 880
952392 886
949494 891
946608 897
943724 903
940853 908
937511 914
934660 919
929927 925
927123 929
924320 935
921541 941
918763 946
915888 952
913111 956
910361 962
907323 967
904608 973
901721 978
899017 984
896362 989
893712 995
891066 1000
888416 1006
885791 1011
879644 1017
877037 1022
874474 1028
871918 1034
869419 1039
866974 1045
864538 1051
862109 1056
859691 1062
857275 1068
854866 1073
852458 1079
850061 1085
847689 1090
845321 1096
842989 1101
840501 1107
838176 1113
835877 1118
833588 1124
831300 1130
829022 1135
826753 1141
824485 1146
822225 1152
819112 1157
816913 1163
814744 1168
812586 1174
810431 1180
808284 1185
805402 1191
803258 1196
801119 1201
