1619996 6
1612129 13
1604354 18
1596914 24
1589879 29
1582883 35
1576169 40
1569462 46
1562784 51
1556142 57
1549559 62
1543210 67
1536864 73
1530557 78
1524389 84
1518256 89
1512151 95
1506079 101
1500028 106
1494172 111
1488336 117
1482507 122
1476688 128
1470925 133
1465200 139
1459517 144
1453871 150
1448228 155
1442600 160
1437014 166
1431455 171
1425933 177
1420473 182
1415077 188
1409707 193
1404437 199
1399253 204
1394070 210
1388893 215
1383745 220
1378617 226
1373494 231
1368373 237
1363271 242
1358204 248
1353139 253
1348156 258
1343191 264
1338243 269
1333385 275
1328568 280
1323784 285
1319006 291
1314244 296
1309497 302
1304763 307
1300033 313
1295351 318
1290744 324
1286144 329
1281565 335
1277001 340
1272447 346
1267915 352
1263402 357
1258969 363
1254556 369
1250148 374
1245821 380
1241496 385
1237193 391
1232896 396
1228604 402
1224336 408
1220149 413
1215968 418
1211814 424
1207666 429
1203538 435
1198919 440
1194795 446
1190671 452
1186559 457
1182446 463
1178395 468
1174353 474
1170351 479
1166352 485
1162479 490
1158612 496
1154797 502
1150987 507
1147250 513
1143518 519
1139798 524
1136106 530
1132042 535
1128351 541
1124674 546
1121001 552
1117348 557
1113711 563
1110108 568
1106522 574
1102973 579
1099431 585
1095907 590
1092383 596
1088869 601
1085355 607
1081857 613
1078397 618
1074969 624
1071551 629
1068152 635
1062599 641
1059209 646
1055834 652
1052464 657
1049124 663
1045808 668
1042537 674
1039279 680
1036074 685
1032350 691
1029149 697
1025960 702
1022781 708
1019630 713
1016491 719
1013368 724
1009371 730
1006260 735
1003175 741
1000112 747
997054 752
994004 758
990941 763
987900 769
984889 775
981905 780
978942 786
975997 791
973055 797
970114 802
967174 808
964269 814
961382 819
958524 825
955668 830
952890 836
950128 842
947379 847
944634 852
941890 858
939113 863
936375 869
933640 875
930918 880
928217 886
925521 892
922830 897
920150 903
916985 909
914341 914
911706 920
909101 926
906498 932
903895 937
900829 943
898272 949
895735 954
892876 959
890360 964
887857 970
885365 975
881551 981
879063 986
876609 992
873954 998
871210 1003
868763 1009
864659 1015
862239 1020
859823 1026
857411 1032
855002 1037
852598 1043
850212 1048
847846 1054
845444 1060
843100 1065
840767 1071
838143 1076
835825 1082
832398 1088
830092 1093
827044 1099
824749 1104
822273 1110
819992 1115
817740 1121
815480 1126
813229 1132
810986 1137
807438 1143
805200 1149
802157 1155
799922 1160
797424 1166
795209 1172
793031 1177
790858 1183
788568 1189
786439 1194
784338 1200
