1618701 6
1611687 13
1605116 18
1598665 24
1592155 30
1585748 35
1579411 40
1573180 46
1567018 51
1560859 57
1554750 62
1548719 68
1542689 73
1536702 79
1530744 84
1524861 90
1518979 95
1513098 101
1507362 106
1501732 112
1496139 117
1490546 123
1484987 128
1479495 134
1474107 139
1468745 145
1463399 150
1458056 156
1452771 161
1447522 166
1442377 172
1437235 177
1432131 183
1427053 189
1422023 194
1417043 199
1412083 205
1407219 210
1402362 215
1397514 221
1392706 226
1387916 232
1383201 237
1378544 242
1373892 248
1369241 253
1364599 259
1359989 264
1355408 270
1350423 275
1345851 281
1341313 286
1336775 292
1332241 297
1327747 303
1323292 308
1318847 313
1314403 319
1309965 325
1305548 330
1301142 336
1296762 342
1292463 347
1288179 353
1283909 359
1279648 364
1275391 370
1271172 376
1266960 381
1262775 387
1258632 392
1254504 398
1250382 403
1246269 409
1242161 415
1238069 420
1234021 426
1229984 432
1225952 437
1221942 443
1217984 448
1214060 453
1210150 459
1206272 464
1202406 470
1198571 476
1194738 481
1190917 486
1187114 492
1183334 497
1179555 503
1175790 509
1172026 514
1168288 520
1163236 525
1159507 531
1155792 537
1152085 542
1147407 548
1143720 554
1140066 559
1136455 565
1132648 570
1129059 576
1125516 581
1120401 587
1116908 593
1113415 598
1109932 604
1106468 609
1103007 615
1099553 621
1096105 626
1092663 632
1089224 637
1085835 643
1082463 649
1079092 654
1075724 659
1072359 665
1069006 671
1065662 676
1062319 682
1059020 687
1055723 693
1052427 698
1049142 704
1045527 709
1042248 715
1038990 720
1035760 726
1030914 731
1027686 737
1024464 742
1021242 748
1018021 753
1014803 759
1011604 764
1008440 770
1005284 776
1002175 781
997320 787
994239 792
991162 798
988093 803
985033 809
981976 815
978924 820
975930 826
972941 832
969962 837
967012 843
964076 848
961166 854
958270 859
955391 865
952530 871
949718 876
946909 882
944108 887
941342 893
938631 898
935959 904
933335 909
930727 915
928121 920
925527 926
922937 931
920394 937
917869 943
915360 948
912853 954
910351 960
907852 965
902905 971
900420 976
897967 982
895588 987
892253 993
889880 999
887520 1004
885162 1010
882810 1015
880459 1021
878133 1026
875811 1032
873203 1037
870602 1043
868320 1049
865230 1054
862385 1060
860106 1065
857852 1071
855598 1077
853348 1082
851103 1088
848880 1094
846674 1099
844470 1105
842268 1110
840070 1116
837902 1121
835734 1127
833573 1133
831417 1138
827967 1144
824525 1150
822380 1155
820241 1161
818118 1166
816026 1172
813935 1178
809289 1183
807210 1189
805155 1194
803104 1200
