1617619 6
1610129 12
1602774 17
1595572 23
1588558 29
1581718 34
1574917 40
1568269 45
1561624 51
1555221 56
1548824 62
1542520 68
1536231 73
1530108 79
1523999 84
1517997 90
1512041 95
1506107 101
1500249 106
1494425 112
1488631 117
1482859 123
1477093 128
1471340 134
1465596 139
1459878 145
1454168 150
1448503 156
1442860 161
1437244 167
1431637 172
1426036 178
1420490 183
1415025 189
1409566 194
1404130 200
1398703 206
1393332 211
1388012 217
1382706 222
1377430 228
1372177 234
1366969 239
1361786 245
1356626 250
1351510 256
1346405 262
1341330 267
1334810 273
1329755 278
1324714 284
1319750 290
1314793 295
1309853 301
1304955 306
1300122 312
1295307 318
1290528 323
1285792 329
1281089 335
1276391 340
1271699 346
1267095 351
1262494 357
1257899 363
1253308 368
1248720 374
1244145 379
1239607 385
1235082 391
1230556 396
1226064 402
1221645 407
1217231 413
1212853 418
1208496 424
1204171 429
1199917 435
1195903 440
1191912 446
1187926 452
1183940 457
1179962 463
1175994 468
1172036 474
1168103 480
1164178 485
1160273 491
1156383 496
1152493 502
1148629 507
1144780 513
1140954 519
1137139 524
1133335 530
1129541 535
1125783 541
1122042 546
1118343 552
1114644 557
1110967 563
1107308 569
1103649 574
1100013 580
1096376 585
1092786 591
1089212 596
1085721 602
1082234 607
1078029 613
1074564 618
1071102 623
1067663 629
1064241 635
1060824 640
1057412 646
1054007 651
1050606 657
1047249 663
1043904 668
1040561 674
1037219 679
1033880 685
1030209 691
1026899 696
1023600 702
1019914 708
1016618 713
1013364 719
1010126 725
1006888 730
1003652 736
1000416 741
997181 747
993962 753
990752 758
987604 764
984468 769
981368 775
978271 780
975178 786
972101 792
969027 797
965958 803
962926 809
959898 814
956918 820
953944 825
950970 831
948092 837
945230 842
942372 848
939346 854
936495 859
933644 865
930795 871
927973 876
925175 882
920645 887
917895 893
915156 899
912428 904
909718 910
907024 916
904339 921
901659 927
899018 932
896395 938
893776 943
891195 949
888622 954
886052 960
883519 966
881002 971
877902 977
875291 983
872778 988
869911 994
867399 1000
864241 1005
861750 1011
859280 1016
856820 1022
854366 1028
850130 1034
847704 1039
845338 1045
842984 1050
840635 1056
838287 1062
835964 1067
833641 1073
831336 1078
829054 1084
826778 1090
823584 1095
821322 1101
819070 1107
814452 1113
812206 1118
809987 1124
807774 1129
805574 1135
803381 1140
801191 1146
799024 1152
796859 1157
794702 1163
792557 1169
788550 1174
786448 1180
784370 1186
782320 1191
780282 1197
778280 1201
